Pi Fraction Statistical Data
Created 09-18-2016 11:01:54

#fractions: 215830
Mean value: 0.499283729688375

 Norm Bin#    PDF       CDF
0.00000000  1.0000   0.00000000
0.00100000  1.1166   0.00111662
0.00200000  1.0286   0.00214521
0.00300000  1.0888   0.00323403
0.00400000  0.8572   0.00409118
0.00500000  0.9776   0.00506880
0.00600000  1.0054   0.00607423
0.00700000  0.9776   0.00705185
0.00800000  0.9776   0.00802947
0.00900000  1.0240   0.00905342
0.01000000  1.0332   0.01008664
0.01100000  0.9128   0.01099940
0.01200000  0.9684   0.01196775
0.01300000  0.9776   0.01294537
0.01400000  1.0379   0.01398323
0.01500000  1.0888   0.01507205
0.01600000  0.9498   0.01602187
0.01700000  0.9915   0.01701339
0.01800000  0.9962   0.01800954
0.01900000  0.9684   0.01897790
0.02000000  0.9545   0.01993235
0.02100000  1.0286   0.02096094
0.02200000  1.0749   0.02203586
0.02300000  1.0610   0.02309688
0.02400000  1.1722   0.02426910
0.02500000  1.0379   0.02530695
0.02600000  0.9869   0.02629384
0.02700000  0.9823   0.02727610
0.02800000  0.9498   0.02822592
0.02900000  1.1120   0.02933790
0.03000000  1.0147   0.03035259
0.03100000  1.0425   0.03139508
0.03200000  1.0425   0.03243757
0.03300000  1.0657   0.03350322
0.03400000  0.9915   0.03449474
0.03500000  0.9776   0.03547236
0.03600000  1.0518   0.03652412
0.03700000  1.0703   0.03759440
0.03800000  1.0101   0.03860446
0.03900000  0.9684   0.03957281
0.04000000  1.0703   0.04064310
0.04100000  0.9313   0.04157439
0.04200000  0.9220   0.04249641
0.04300000  1.1120   0.04360840
0.04400000  0.9545   0.04456285
0.04500000  0.9591   0.04552194
0.04600000  0.9915   0.04651346
0.04700000  0.9684   0.04748181
0.04800000  0.9684   0.04845017
0.04900000  0.9684   0.04941852
0.05000000  1.0518   0.05047028
0.05100000  1.0054   0.05147570
0.05200000  0.9962   0.05247185
0.05300000  0.8942   0.05336608
0.05400000  1.0842   0.05445026
0.05500000  1.0147   0.05546495
0.05600000  0.9267   0.05639160
0.05700000  0.9776   0.05736923
0.05800000  0.9637   0.05833295
0.05900000  0.9081   0.05924107
0.06000000  0.9591   0.06020016
0.06100000  0.8942   0.06109438
0.06200000  1.0101   0.06210443
0.06300000  1.1722   0.06327665
0.06400000  1.0564   0.06433304
0.06500000  0.9267   0.06525970
0.06600000  0.9359   0.06619562
0.06700000  0.9452   0.06714081
0.06800000  1.1444   0.06828522
0.06900000  0.9962   0.06928138
0.07000000  1.0286   0.07030997
0.07100000  0.9359   0.07124589
0.07200000  1.0332   0.07227911
0.07300000  1.0332   0.07331233
0.07400000  1.0425   0.07435482
0.07500000  1.0332   0.07538804
0.07600000  1.0425   0.07643052
0.07700000  0.8850   0.07731548
0.07800000  0.9637   0.07827920
0.07900000  0.9035   0.07918269
0.08000000  0.9915   0.08017421
0.08100000  0.9823   0.08115647
0.08200000  0.9637   0.08212019
0.08300000  1.1074   0.08322754
0.08400000  0.8803   0.08410786
0.08500000  0.9962   0.08510402
0.08600000  0.9776   0.08608164
0.08700000  1.0101   0.08709169
0.08800000  1.1583   0.08825001
0.08900000  1.1074   0.08935736
0.09000000  0.9359   0.09029329
0.09100000  0.9174   0.09121068
0.09200000  0.9637   0.09217440
0.09300000  0.9220   0.09309642
0.09400000  1.0471   0.09414354
0.09500000  1.0564   0.09519993
0.09600000  0.9869   0.09618681
0.09700000  0.9406   0.09712737
0.09800000  1.0425   0.09816986
0.09900000  1.0888   0.09925868
0.10000000  1.0657   0.10032433
0.10100000  1.0054   0.10132975
0.10200000  1.0796   0.10240930
0.10300000  0.9498   0.10335913
0.10400000  0.9406   0.10429968
0.10500000  0.9823   0.10528193
0.10600000  1.0610   0.10634296
0.10700000  1.0425   0.10738544
0.10800000  1.0332   0.10841866
0.10900000  0.9823   0.10940092
0.11000000  0.9684   0.11036927
0.11100000  1.0425   0.11141176
0.11200000  1.0981   0.11250985
0.11300000  1.1444   0.11365426
0.11400000  1.0888   0.11474308
0.11500000  1.0193   0.11576241
0.11600000  1.0518   0.11681416
0.11700000  0.8062   0.11762035
0.11800000  0.9313   0.11855164
0.11900000  0.9637   0.11951536
0.12000000  1.1491   0.12066441
0.12100000  0.9498   0.12161423
0.12200000  1.0981   0.12271232
0.12300000  0.9545   0.12366677
0.12400000  0.9915   0.12465830
0.12500000  1.0657   0.12572395
0.12600000  1.0286   0.12675254
0.12700000  0.9637   0.12771626
0.12800000  1.0101   0.12872631
0.12900000  0.9313   0.12965760
0.13000000  1.0518   0.13070935
0.13100000  0.9962   0.13170551
0.13200000  0.9128   0.13261826
0.13300000  1.0471   0.13366538
0.13400000  1.0703   0.13473567
0.13500000  1.1120   0.13584766
0.13600000  0.8942   0.13674188
0.13700000  1.0842   0.13782607
0.13800000  0.9962   0.13882222
0.13900000  0.9035   0.13972571
0.14000000  0.9498   0.14067553
0.14100000  0.9035   0.14157902
0.14200000  1.0379   0.14261687
0.14300000  1.0101   0.14362693
0.14400000  0.9637   0.14459065
0.14500000  1.0888   0.14567947
0.14600000  0.9498   0.14662929
0.14700000  1.0101   0.14763935
0.14800000  1.1120   0.14875133
0.14900000  0.8340   0.14958532
0.15000000  1.1027   0.15068804
0.15100000  1.0749   0.15176296
0.15200000  1.0796   0.15284251
0.15300000  0.9823   0.15382477
0.15400000  0.8989   0.15472363
0.15500000  1.1491   0.15587268
0.15600000  0.9776   0.15685030
0.15700000  1.0286   0.15787889
0.15800000  0.9962   0.15887504
0.15900000  1.1213   0.15999629
0.16000000  1.1676   0.16116388
0.16100000  1.0101   0.16217393
0.16200000  0.9684   0.16314229
0.16300000  1.0888   0.16423111
0.16400000  1.0240   0.16525506
0.16500000  0.9869   0.16624195
0.16600000  1.0101   0.16725200
0.16700000  0.8896   0.16814159
0.16800000  1.0471   0.16918871
0.16900000  0.9730   0.17016170
0.17000000  0.8942   0.17105592
0.17100000  1.0749   0.17213084
0.17200000  1.0842   0.17321503
0.17300000  1.0286   0.17424362
0.17400000  0.9545   0.17519807
0.17500000  0.8942   0.17609229
0.17600000  0.9869   0.17707918
0.17700000  0.9545   0.17803364
0.17800000  0.9915   0.17902516
0.17900000  0.8850   0.17991011
0.18000000  1.0008   0.18091090
0.18100000  0.9174   0.18182829
0.18200000  0.9730   0.18280128
0.18300000  1.1352   0.18393643
0.18400000  1.0332   0.18496965
0.18500000  1.0471   0.18601677
0.18600000  1.1027   0.18711949
0.18700000  0.8989   0.18801835
0.18800000  0.9684   0.18898670
0.18900000  0.9313   0.18991799
0.19000000  0.9869   0.19090488
0.19100000  0.9406   0.19184543
0.19200000  0.8711   0.19271649
0.19300000  0.9730   0.19368948
0.19400000  1.2047   0.19489413
0.19500000  1.0147   0.19590882
0.19600000  1.0703   0.19697910
0.19700000  1.0518   0.19803086
0.19800000  0.9684   0.19899921
0.19900000  0.9869   0.19998610
0.20000000  1.0008   0.20098689
0.20100000  0.9081   0.20189501
0.20200000  1.0332   0.20292823
0.20300000  1.0147   0.20394292
0.20400000  1.1908   0.20513367
0.20500000  0.9962   0.20612982
0.20600000  0.9869   0.20711671
0.20700000  0.9452   0.20806190
0.20800000  1.0193   0.20908122
0.20900000  0.9915   0.21007274
0.21000000  0.9545   0.21102720
0.21100000  0.9452   0.21197239
0.21200000  0.9035   0.21287587
0.21300000  1.0518   0.21392763
0.21400000  0.9313   0.21485892
0.21500000  0.9267   0.21578557
0.21600000  0.9823   0.21676783
0.21700000  0.9081   0.21767595
0.21800000  0.8850   0.21856090
0.21900000  1.0564   0.21961729
0.22000000  1.1213   0.22073854
0.22100000  0.9869   0.22172543
0.22200000  0.9267   0.22265209
0.22300000  0.9823   0.22363434
0.22400000  1.1027   0.22473706
0.22500000  1.0379   0.22577492
0.22600000  0.9498   0.22672474
0.22700000  0.9637   0.22768846
0.22800000  1.0286   0.22871705
0.22900000  1.0564   0.22977343
0.23000000  1.1259   0.23089932
0.23100000  0.9730   0.23187231
0.23200000  1.0008   0.23287309
0.23300000  0.9962   0.23386925
0.23400000  1.1074   0.23497660
0.23500000  1.1027   0.23607932
0.23600000  0.9962   0.23707548
0.23700000  0.9081   0.23798360
0.23800000  1.0286   0.23901219
0.23900000  0.9915   0.24000371
0.24000000  1.0471   0.24105083
0.24100000  1.0054   0.24205625
0.24200000  0.8803   0.24293657
0.24300000  1.0842   0.24402076
0.24400000  1.0101   0.24503081
0.24500000  1.0703   0.24610110
0.24600000  1.0749   0.24717602
0.24700000  1.0286   0.24820461
0.24800000  1.0008   0.24920539
0.24900000  1.0054   0.25021081
0.25000000  1.0610   0.25127183
0.25100000  0.9730   0.25224482
0.25200000  1.0008   0.25324561
0.25300000  1.1120   0.25435760
0.25400000  0.9267   0.25528425
0.25500000  1.0657   0.25634991
0.25600000  0.9359   0.25728583
0.25700000  1.0471   0.25833295
0.25800000  1.0842   0.25941713
0.25900000  0.8757   0.26029282
0.26000000  1.0749   0.26136774
0.26100000  1.0425   0.26241023
0.26200000  1.0518   0.26346198
0.26300000  0.9174   0.26437937
0.26400000  0.8989   0.26527823
0.26500000  0.9684   0.26624658
0.26600000  0.9081   0.26715471
0.26700000  1.0147   0.26816939
0.26800000  0.9313   0.26910068
0.26900000  1.0147   0.27011537
0.27000000  1.0471   0.27116249
0.27100000  0.9823   0.27214474
0.27200000  0.9267   0.27307140
0.27300000  0.9406   0.27401195
0.27400000  0.9869   0.27499884
0.27500000  1.0147   0.27601353
0.27600000  1.0286   0.27704212
0.27700000  0.9081   0.27795024
0.27800000  1.0286   0.27897883
0.27900000  0.9545   0.27993328
0.28000000  0.9915   0.28092480
0.28100000  1.0379   0.28196266
0.28200000  1.0425   0.28300514
0.28300000  0.9081   0.28391327
0.28400000  0.9823   0.28489552
0.28500000  0.9637   0.28585924
0.28600000  0.9915   0.28685076
0.28700000  0.9406   0.28779132
0.28800000  0.8850   0.28867627
0.28900000  0.9545   0.28963073
0.29000000  0.9684   0.29059908
0.29100000  1.0147   0.29161377
0.29200000  0.9452   0.29255896
0.29300000  1.0332   0.29359218
0.29400000  0.9313   0.29452347
0.29500000  0.9220   0.29544549
0.29600000  0.9823   0.29642774
0.29700000  1.0842   0.29751193
0.29800000  1.0657   0.29857758
0.29900000  1.0147   0.29959227
0.30000000  0.9035   0.30049576
0.30100000  1.0147   0.30151045
0.30200000  1.0286   0.30253904
0.30300000  0.9730   0.30351202
0.30400000  0.8942   0.30440625
0.30500000  0.9962   0.30540240
0.30600000  0.9452   0.30634759
0.30700000  1.0101   0.30735764
0.30800000  0.9684   0.30832600
0.30900000  0.9498   0.30927582
0.31000000  0.9545   0.31023027
0.31100000  0.9684   0.31119863
0.31200000  0.9313   0.31212992
0.31300000  0.8942   0.31302414
0.31400000  0.9776   0.31400176
0.31500000  1.0888   0.31509058
0.31600000  1.1213   0.31621183
0.31700000  1.0749   0.31728675
0.31800000  1.0379   0.31832461
0.31900000  0.9452   0.31926980
0.32000000  1.0518   0.32032155
0.32100000  0.9869   0.32130844
0.32200000  1.0332   0.32234166
0.32300000  1.0518   0.32339341
0.32400000  1.1676   0.32456100
0.32500000  0.9962   0.32555715
0.32600000  0.8618   0.32641894
0.32700000  0.9684   0.32738730
0.32800000  1.1861   0.32857341
0.32900000  0.9452   0.32951860
0.33000000  0.8850   0.33040356
0.33100000  0.8803   0.33128388
0.33200000  0.9452   0.33222907
0.33300000  1.0240   0.33325302
0.33400000  1.1908   0.33444378
0.33500000  0.9684   0.33541213
0.33600000  0.9730   0.33638512
0.33700000  1.0564   0.33744150
0.33800000  0.9684   0.33840986
0.33900000  0.9591   0.33936895
0.34000000  1.0703   0.34043923
0.34100000  1.0610   0.34150025
0.34200000  1.0240   0.34252421
0.34300000  1.0286   0.34355280
0.34400000  0.8989   0.34445165
0.34500000  0.9220   0.34537367
0.34600000  0.9823   0.34635593
0.34700000  0.9684   0.34732428
0.34800000  1.1074   0.34843164
0.34900000  1.0193   0.34945096
0.35000000  0.9730   0.35042394
0.35100000  0.9359   0.35135987
0.35200000  0.8989   0.35225872
0.35300000  1.0008   0.35325951
0.35400000  1.0240   0.35428346
0.35500000  0.9545   0.35523792
0.35600000  1.0054   0.35624334
0.35700000  1.0981   0.35734143
0.35800000  1.0610   0.35840245
0.35900000  1.0981   0.35950053
0.36000000  0.9452   0.36044572
0.36100000  0.9498   0.36139554
0.36200000  1.1769   0.36257239
0.36300000  0.9498   0.36352222
0.36400000  0.9823   0.36450447
0.36500000  1.0286   0.36553306
0.36600000  0.9962   0.36652921
0.36700000  1.0425   0.36757170
0.36800000  1.0471   0.36861882
0.36900000  0.8803   0.36949914
0.37000000  1.1027   0.37060186
0.37100000  1.1213   0.37172312
0.37200000  0.9035   0.37262660
0.37300000  1.0240   0.37365056
0.37400000  0.8247   0.37447528
0.37500000  0.8803   0.37535560
0.37600000  1.0888   0.37644442
0.37700000  0.9267   0.37737108
0.37800000  0.9869   0.37835797
0.37900000  1.0981   0.37945605
0.38000000  0.9452   0.38040124
0.38100000  0.9174   0.38131863
0.38200000  1.0703   0.38238892
0.38300000  1.0332   0.38342214
0.38400000  0.9684   0.38439049
0.38500000  1.0564   0.38544688
0.38600000  0.9962   0.38644303
0.38700000  0.9962   0.38743919
0.38800000  0.9730   0.38841218
0.38900000  1.1444   0.38955660
0.39000000  0.9498   0.39050642
0.39100000  1.0564   0.39156280
0.39200000  1.0379   0.39260066
0.39300000  0.9730   0.39357365
0.39400000  1.0657   0.39463930
0.39500000  1.0379   0.39567715
0.39600000  0.9220   0.39659918
0.39700000  0.9915   0.39759070
0.39800000  1.0842   0.39867488
0.39900000  1.0518   0.39972664
0.40000000  1.1213   0.40084789
0.40100000  1.0425   0.40189038
0.40200000  0.9545   0.40284483
0.40300000  1.0518   0.40389659
0.40400000  1.0518   0.40494834
0.40500000  1.0564   0.40600473
0.40600000  1.0935   0.40709818
0.40700000  0.9730   0.40807117
0.40800000  0.9730   0.40904416
0.40900000  0.8850   0.40992911
0.41000000  1.0471   0.41097623
0.41100000  1.1259   0.41210212
0.41200000  0.9545   0.41305657
0.41300000  1.0610   0.41411759
0.41400000  0.9359   0.41505351
0.41500000  0.9267   0.41598017
0.41600000  1.1213   0.41710142
0.41700000  1.0101   0.41811148
0.41800000  0.8850   0.41899643
0.41900000  1.0518   0.42004819
0.42000000  0.9962   0.42104434
0.42100000  1.0147   0.42205903
0.42200000  0.9591   0.42301812
0.42300000  1.0286   0.42404670
0.42400000  0.9823   0.42502896
0.42500000  0.9081   0.42593708
0.42600000  1.0286   0.42696567
0.42700000  0.9684   0.42793402
0.42800000  1.0379   0.42897188
0.42900000  0.9545   0.42992633
0.43000000  1.0147   0.43094102
0.43100000  1.0518   0.43199277
0.43200000  1.0008   0.43299356
0.43300000  0.9730   0.43396655
0.43400000  0.9174   0.43488394
0.43500000  0.9730   0.43585692
0.43600000  1.0147   0.43687161
0.43700000  1.0379   0.43790947
0.43800000  1.0842   0.43899365
0.43900000  1.0842   0.44007784
0.44000000  1.0518   0.44112959
0.44100000  0.9220   0.44205161
0.44200000  1.0564   0.44310800
0.44300000  0.9359   0.44404392
0.44400000  0.9915   0.44503544
0.44500000  0.9962   0.44603160
0.44600000  0.9637   0.44699532
0.44700000  0.8386   0.44783394
0.44800000  1.0332   0.44886716
0.44900000  1.0981   0.44996525
0.45000000  1.0657   0.45103090
0.45100000  1.0935   0.45212436
0.45200000  0.9035   0.45302785
0.45300000  0.9267   0.45395450
0.45400000  1.1352   0.45508965
0.45500000  0.9128   0.45600241
0.45600000  0.9776   0.45698003
0.45700000  0.9823   0.45796229
0.45800000  0.9313   0.45889357
0.45900000  0.8711   0.45976463
0.46000000  1.0193   0.46078395
0.46100000  0.8757   0.46165964
0.46200000  1.0564   0.46271603
0.46300000  1.0286   0.46374461
0.46400000  0.9637   0.46470834
0.46500000  1.1074   0.46581569
0.46600000  1.0564   0.46687208
0.46700000  0.9869   0.46785896
0.46800000  1.0425   0.46890145
0.46900000  1.0888   0.46999027
0.47000000  0.8942   0.47088449
0.47100000  0.9452   0.47182968
0.47200000  0.9406   0.47277024
0.47300000  1.0008   0.47377102
0.47400000  0.9869   0.47475791
0.47500000  1.0518   0.47580967
0.47600000  1.0935   0.47690312
0.47700000  1.0147   0.47791781
0.47800000  1.0471   0.47896493
0.47900000  0.8850   0.47984988
0.48000000  0.9962   0.48084604
0.48100000  1.0749   0.48192096
0.48200000  1.0332   0.48295418
0.48300000  0.8989   0.48385303
0.48400000  0.9452   0.48479822
0.48500000  1.0193   0.48581754
0.48600000  0.9637   0.48678126
0.48700000  0.9498   0.48773108
0.48800000  1.0564   0.48878747
0.48900000  0.9267   0.48971413
0.49000000  1.0193   0.49073345
0.49100000  1.0657   0.49179910
0.49200000  0.9452   0.49274429
0.49300000  0.9313   0.49367558
0.49400000  1.0471   0.49472270
0.49500000  0.9823   0.49570495
0.49600000  0.9267   0.49663161
0.49700000  1.0610   0.49769263
0.49800000  0.9962   0.49868878
0.49900000  1.0332   0.49972200
0.50000000  1.0610   0.50078302
0.50100000  0.9776   0.50176064
0.50200000  0.9498   0.50271047
0.50300000  0.9452   0.50365565
0.50400000  1.0564   0.50471204
0.50500000  1.0981   0.50581013
0.50600000  0.9220   0.50673215
0.50700000  1.0147   0.50774684
0.50800000  1.0471   0.50879396
0.50900000  1.0518   0.50984571
0.51000000  1.0193   0.51086503
0.51100000  0.9637   0.51182875
0.51200000  0.7599   0.51258861
0.51300000  1.0657   0.51365426
0.51400000  0.9823   0.51463652
0.51500000  1.0981   0.51573461
0.51600000  1.0425   0.51677709
0.51700000  1.0240   0.51780105
0.51800000  0.9313   0.51873234
0.51900000  0.9081   0.51964046
0.52000000  1.0981   0.52073854
0.52100000  1.1722   0.52191076
0.52200000  0.8896   0.52280035
0.52300000  1.0657   0.52386601
0.52400000  0.8803   0.52474633
0.52500000  0.9267   0.52567298
0.52600000  0.9545   0.52662744
0.52700000  1.1352   0.52776259
0.52800000  0.9081   0.52867071
0.52900000  1.0332   0.52970393
0.53000000  0.9128   0.53061669
0.53100000  0.9452   0.53156188
0.53200000  1.0286   0.53259046
0.53300000  1.0935   0.53368392
0.53400000  1.1444   0.53482834
0.53500000  1.0379   0.53586619
0.53600000  0.8664   0.53673261
0.53700000  0.9267   0.53765927
0.53800000  1.0054   0.53866469
0.53900000  1.0703   0.53973498
0.54000000  1.0240   0.54075893
0.54100000  0.9776   0.54173655
0.54200000  0.9174   0.54265394
0.54300000  0.9591   0.54361303
0.54400000  1.0286   0.54464162
0.54500000  0.9591   0.54560070
0.54600000  1.0008   0.54660149
0.54700000  1.0054   0.54760691
0.54800000  0.9915   0.54859843
0.54900000  0.9730   0.54957142
0.55000000  0.9823   0.55055368
0.55100000  0.9267   0.55148033
0.55200000  1.1074   0.55258768
0.55300000  0.9730   0.55356067
0.55400000  1.0703   0.55463096
0.55500000  0.9776   0.55560858
0.55600000  0.9730   0.55658157
0.55700000  1.0564   0.55763796
0.55800000  0.9035   0.55854144
0.55900000  0.9591   0.55950053
0.56000000  0.9684   0.56046889
0.56100000  0.9591   0.56142798
0.56200000  1.0379   0.56246583
0.56300000  0.9591   0.56342492
0.56400000  0.9452   0.56437011
0.56500000  1.0425   0.56541259
0.56600000  0.9730   0.56638558
0.56700000  1.1305   0.56751610
0.56800000  1.1305   0.56864662
0.56900000  0.9915   0.56963814
0.57000000  1.0564   0.57069453
0.57100000  0.9591   0.57165362
0.57200000  1.0749   0.57272854
0.57300000  0.9869   0.57371542
0.57400000  0.8850   0.57460038
0.57500000  0.9637   0.57556410
0.57600000  1.0796   0.57664365
0.57700000  1.0657   0.57770931
0.57800000  1.0888   0.57879813
0.57900000  1.0332   0.57983135
0.58000000  1.0286   0.58085994
0.58100000  1.0518   0.58191169
0.58200000  1.0471   0.58295881
0.58300000  0.8479   0.58380670
0.58400000  0.9498   0.58475652
0.58500000  0.9128   0.58566928
0.58600000  1.1027   0.58677200
0.58700000  1.1305   0.58790252
0.58800000  1.0564   0.58895890
0.58900000  0.9359   0.58989482
0.59000000  0.9591   0.59085391
0.59100000  1.0935   0.59194737
0.59200000  0.9452   0.59289255
0.59300000  1.0054   0.59389798
0.59400000  0.9174   0.59481536
0.59500000  1.0054   0.59582078
0.59600000  0.8433   0.59666404
0.59700000  1.0147   0.59767873
0.59800000  0.9684   0.59864708
0.59900000  1.0425   0.59968957
0.60000000  1.0240   0.60071352
0.60100000  1.0471   0.60176064
0.60200000  1.0008   0.60276143
0.60300000  1.0286   0.60379002
0.60400000  1.0657   0.60485567
0.60500000  0.9684   0.60582403
0.60600000  0.9359   0.60675995
0.60700000  0.9545   0.60771440
0.60800000  1.0749   0.60878932
0.60900000  1.1213   0.60991058
0.61000000  0.8896   0.61080017
0.61100000  1.0796   0.61187972
0.61200000  1.0101   0.61288977
0.61300000  1.0286   0.61391836
0.61400000  0.9823   0.61490062
0.61500000  1.0193   0.61591994
0.61600000  0.9452   0.61686513
0.61700000  1.0193   0.61788445
0.61800000  0.9220   0.61880647
0.61900000  1.0054   0.61981189
0.62000000  1.0564   0.62086828
0.62100000  1.0842   0.62195246
0.62200000  1.0657   0.62301812
0.62300000  0.9915   0.62400964
0.62400000  1.0332   0.62504286
0.62500000  0.9637   0.62600658
0.62600000  1.0518   0.62705833
0.62700000  0.9081   0.62796646
0.62800000  1.0657   0.62903211
0.62900000  0.9545   0.62998656
0.63000000  1.0379   0.63102442
0.63100000  1.0147   0.63203910
0.63200000  1.0981   0.63313719
0.63300000  0.9962   0.63413335
0.63400000  1.0193   0.63515267
0.63500000  0.9591   0.63611175
0.63600000  0.8942   0.63700598
0.63700000  0.9359   0.63794190
0.63800000  0.9406   0.63888245
0.63900000  1.0147   0.63989714
0.64000000  1.0240   0.64092110
0.64100000  1.0240   0.64194505
0.64200000  1.0054   0.64295047
0.64300000  1.0101   0.64396052
0.64400000  0.9869   0.64494741
0.64500000  1.0610   0.64600843
0.64600000  0.9684   0.64697679
0.64700000  1.0518   0.64802854
0.64800000  1.0749   0.64910346
0.64900000  1.0518   0.65015521
0.65000000  1.0193   0.65117454
0.65100000  1.1305   0.65230505
0.65200000  0.9406   0.65324561
0.65300000  1.0101   0.65425566
0.65400000  0.8757   0.65513135
0.65500000  1.1491   0.65628041
0.65600000  0.9406   0.65722096
0.65700000  0.9313   0.65815225
0.65800000  1.0425   0.65919474
0.65900000  0.9128   0.66010749
0.66000000  0.8479   0.66095538
0.66100000  0.9406   0.66189594
0.66200000  0.9406   0.66283649
0.66300000  0.9359   0.66377241
0.66400000  1.0842   0.66485660
0.66500000  1.0935   0.66595005
0.66600000  0.9128   0.66686281
0.66700000  1.0425   0.66790530
0.66800000  0.9915   0.66889682
0.66900000  0.9545   0.66985127
0.67000000  1.0286   0.67087986
0.67100000  1.0379   0.67191771
0.67200000  0.9035   0.67282120
0.67300000  0.9452   0.67376639
0.67400000  1.0054   0.67477181
0.67500000  0.9545   0.67572627
0.67600000  1.0518   0.67677802
0.67700000  0.9545   0.67773247
0.67800000  0.9823   0.67871473
0.67900000  1.0518   0.67976648
0.68000000  1.0610   0.68082750
0.68100000  0.9591   0.68178659
0.68200000  0.9359   0.68272251
0.68300000  1.0703   0.68379280
0.68400000  1.0981   0.68489089
0.68500000  1.1074   0.68599824
0.68600000  0.8572   0.68685540
0.68700000  0.9637   0.68781912
0.68800000  0.9545   0.68877357
0.68900000  1.0286   0.68980216
0.69000000  0.9591   0.69076125
0.69100000  0.8989   0.69166010
0.69200000  1.0240   0.69268406
0.69300000  0.9869   0.69367094
0.69400000  1.0193   0.69469027
0.69500000  1.0703   0.69576055
0.69600000  1.0425   0.69680304
0.69700000  1.0564   0.69785943
0.69800000  0.9267   0.69878608
0.69900000  0.9498   0.69973590
0.70000000  1.0657   0.70080156
0.70100000  0.9684   0.70176991
0.70200000  1.0425   0.70281240
0.70300000  1.1352   0.70394755
0.70400000  0.9591   0.70490664
0.70500000  0.9452   0.70585183
0.70600000  0.9776   0.70682945
0.70700000  0.8896   0.70771904
0.70800000  1.0471   0.70876616
0.70900000  1.1027   0.70986888
0.71000000  0.8803   0.71074920
0.71100000  1.0518   0.71180095
0.71200000  1.0425   0.71284344
0.71300000  1.0054   0.71384886
0.71400000  0.8850   0.71473382
0.71500000  0.9730   0.71570681
0.71600000  1.0749   0.71678173
0.71700000  0.9035   0.71768522
0.71800000  0.9730   0.71865820
0.71900000  0.9545   0.71961266
0.72000000  1.0147   0.72062735
0.72100000  0.9637   0.72159107
0.72200000  1.0610   0.72265209
0.72300000  1.0518   0.72370384
0.72400000  1.0286   0.72473243
0.72500000  0.9035   0.72563592
0.72600000  1.0240   0.72665987
0.72700000  1.0147   0.72767456
0.72800000  1.0749   0.72874948
0.72900000  1.1027   0.72985220
0.73000000  1.1166   0.73096882
0.73100000  1.0240   0.73199277
0.73200000  0.9869   0.73297966
0.73300000  1.0888   0.73406848
0.73400000  1.0935   0.73516193
0.73500000  0.9220   0.73608395
0.73600000  1.0008   0.73708474
0.73700000  1.0054   0.73809016
0.73800000  1.0425   0.73913265
0.73900000  0.9684   0.74010101
0.74000000  0.9823   0.74108326
0.74100000  1.0842   0.74216745
0.74200000  0.9406   0.74310800
0.74300000  0.8803   0.74398832
0.74400000  1.0379   0.74502618
0.74500000  0.8850   0.74591113
0.74600000  1.0101   0.74692119
0.74700000  1.1027   0.74802391
0.74800000  0.9545   0.74897836
0.74900000  0.8989   0.74987722
0.75000000  1.0240   0.75090117
0.75100000  0.9823   0.75188343
0.75200000  1.1583   0.75304175
0.75300000  1.0842   0.75412593
0.75400000  0.8479   0.75497382
0.75500000  0.9591   0.75593291
0.75600000  0.9915   0.75692443
0.75700000  0.9869   0.75791132
0.75800000  0.9591   0.75887041
0.75900000  0.9915   0.75986193
0.76000000  1.0518   0.76091368
0.76100000  1.1259   0.76203957
0.76200000  0.8247   0.76286429
0.76300000  1.0935   0.76395774
0.76400000  0.9730   0.76493073
0.76500000  0.9498   0.76588055
0.76600000  0.9869   0.76686744
0.76700000  0.9869   0.76785433
0.76800000  1.0008   0.76885512
0.76900000  0.9359   0.76979104
0.77000000  1.0240   0.77081499
0.77100000  1.0101   0.77182505
0.77200000  1.0749   0.77289997
0.77300000  1.0518   0.77395172
0.77400000  0.9962   0.77494788
0.77500000  1.0101   0.77595793
0.77600000  1.0935   0.77705138
0.77700000  1.0054   0.77805680
0.77800000  1.0147   0.77907149
0.77900000  1.0610   0.78013251
0.78000000  0.9730   0.78110550
0.78100000  1.0471   0.78215262
0.78200000  1.0054   0.78315804
0.78300000  0.9591   0.78411713
0.78400000  1.0796   0.78519668
0.78500000  0.9776   0.78617430
0.78600000  0.9869   0.78716119
0.78700000  0.8711   0.78803225
0.78800000  0.9915   0.78902377
0.78900000  0.9962   0.79001992
0.79000000  0.9730   0.79099291
0.79100000  0.9823   0.79197517
0.79200000  1.0379   0.79301302
0.79300000  0.9730   0.79398601
0.79400000  1.1074   0.79509336
0.79500000  0.9869   0.79608025
0.79600000  0.9869   0.79706714
0.79700000  0.8386   0.79790576
0.79800000  1.0147   0.79892045
0.79900000  1.0935   0.80001390
0.80000000  0.9035   0.80091739
0.80100000  1.0518   0.80196914
0.80200000  0.9406   0.80290970
0.80300000  1.0054   0.80391512
0.80400000  1.1722   0.80508734
0.80500000  1.0471   0.80613446
0.80600000  0.9591   0.80709355
0.80700000  0.9730   0.80806653
0.80800000  1.0888   0.80915535
0.80900000  0.9776   0.81013298
0.81000000  1.0657   0.81119863
0.81100000  0.9498   0.81214845
0.81200000  0.8711   0.81301951
0.81300000  1.0703   0.81408979
0.81400000  1.0935   0.81518325
0.81500000  1.0286   0.81621183
0.81600000  1.0425   0.81725432
0.81700000  0.9869   0.81824121
0.81800000  0.9267   0.81916786
0.81900000  1.0240   0.82019182
0.82000000  0.9452   0.82113701
0.82100000  0.9313   0.82206829
0.82200000  0.9545   0.82302275
0.82300000  1.1027   0.82412547
0.82400000  0.9823   0.82510772
0.82500000  1.0101   0.82611778
0.82600000  0.9359   0.82705370
0.82700000  1.1166   0.82817032
0.82800000  1.0101   0.82918037
0.82900000  0.8942   0.83007460
0.83000000  1.0981   0.83117268
0.83100000  1.0842   0.83225687
0.83200000  0.9869   0.83324376
0.83300000  1.0657   0.83430941
0.83400000  1.0471   0.83535653
0.83500000  1.1074   0.83646388
0.83600000  0.9174   0.83738127
0.83700000  0.9128   0.83829403
0.83800000  0.9128   0.83920678
0.83900000  0.9684   0.84017514
0.84000000  1.1305   0.84130566
0.84100000  0.9220   0.84222768
0.84200000  1.0379   0.84326553
0.84300000  1.0703   0.84433582
0.84400000  0.9128   0.84524858
0.84500000  0.9545   0.84620303
0.84600000  1.0564   0.84725942
0.84700000  0.9545   0.84821387
0.84800000  0.9545   0.84916833
0.84900000  0.9591   0.85012742
0.85000000  1.1259   0.85125330
0.85100000  1.1074   0.85236065
0.85200000  1.0888   0.85344947
0.85300000  1.0379   0.85448733
0.85400000  1.0425   0.85552982
0.85500000  0.9174   0.85644720
0.85600000  0.9081   0.85735533
0.85700000  1.0425   0.85839781
0.85800000  1.0796   0.85947737
0.85900000  0.8711   0.86034842
0.86000000  1.0286   0.86137701
0.86100000  0.9498   0.86232683
0.86200000  0.8711   0.86319789
0.86300000  1.0008   0.86419867
0.86400000  0.9684   0.86516703
0.86500000  1.0101   0.86617708
0.86600000  0.9545   0.86713154
0.86700000  0.9545   0.86808599
0.86800000  0.9267   0.86901265
0.86900000  0.9128   0.86992540
0.87000000  0.9498   0.87087523
0.87100000  0.9545   0.87182968
0.87200000  1.0193   0.87284900
0.87300000  0.8803   0.87372932
0.87400000  1.0935   0.87482278
0.87500000  1.0425   0.87586526
0.87600000  0.9267   0.87679192
0.87700000  1.0379   0.87782977
0.87800000  0.9313   0.87876106
0.87900000  1.0564   0.87981745
0.88000000  0.9128   0.88073020
0.88100000  1.0240   0.88175416
0.88200000  0.9406   0.88269471
0.88300000  1.0101   0.88370477
0.88400000  0.9452   0.88464996
0.88500000  0.9730   0.88562294
0.88600000  1.0749   0.88669786
0.88700000  0.8942   0.88759209
0.88800000  1.0471   0.88863921
0.88900000  0.8572   0.88949636
0.89000000  1.0332   0.89052958
0.89100000  1.0518   0.89158134
0.89200000  0.9776   0.89255896
0.89300000  0.9869   0.89354585
0.89400000  0.9452   0.89449103
0.89500000  0.8525   0.89534356
0.89600000  0.9406   0.89628411
0.89700000  0.9313   0.89721540
0.89800000  1.0332   0.89824862
0.89900000  0.9962   0.89924478
0.90000000  1.0240   0.90026873
0.90100000  0.8618   0.90113052
0.90200000  1.1027   0.90223324
0.90300000  0.9220   0.90315526
0.90400000  1.0379   0.90419311
0.90500000  1.0888   0.90528193
0.90600000  0.9452   0.90622712
0.90700000  0.9035   0.90713061
0.90800000  1.1491   0.90827966
0.90900000  1.1074   0.90938702
0.91000000  0.9498   0.91033684
0.91100000  0.9267   0.91126349
0.91200000  1.0842   0.91234768
0.91300000  0.9267   0.91327434
0.91400000  1.0981   0.91437242
0.91500000  0.9730   0.91534541
0.91600000  0.9869   0.91633230
0.91700000  1.0286   0.91736089
0.91800000  0.9637   0.91832461
0.91900000  0.9823   0.91930686
0.92000000  0.9035   0.92021035
0.92100000  0.9545   0.92116481
0.92200000  1.0518   0.92221656
0.92300000  1.0008   0.92321735
0.92400000  1.0379   0.92425520
0.92500000  1.0518   0.92530695
0.92600000  0.9823   0.92628921
0.92700000  1.0471   0.92733633
0.92800000  1.1074   0.92844368
0.92900000  0.9823   0.92942594
0.93000000  1.0379   0.93046379
0.93100000  0.9823   0.93144605
0.93200000  1.0240   0.93247000
0.93300000  0.9267   0.93339665
0.93400000  0.9267   0.93432331
0.93500000  1.0332   0.93535653
0.93600000  0.9637   0.93632025
0.93700000  1.0518   0.93737201
0.93800000  0.9498   0.93832183
0.93900000  1.0008   0.93932262
0.94000000  1.0888   0.94041143
0.94100000  0.9452   0.94135662
0.94200000  0.9035   0.94226011
0.94300000  1.0193   0.94327943
0.94400000  1.0286   0.94430802
0.94500000  1.0054   0.94531344
0.94600000  1.0054   0.94631886
0.94700000  1.1166   0.94743548
0.94800000  1.0101   0.94844554
0.94900000  1.1444   0.94958996
0.95000000  0.9915   0.95058148
0.95100000  0.9962   0.95157763
0.95200000  1.0379   0.95261548
0.95300000  1.0935   0.95370894
0.95400000  0.9869   0.95469583
0.95500000  0.8803   0.95557615
0.95600000  0.9359   0.95651207
0.95700000  0.9545   0.95746652
0.95800000  1.0935   0.95855998
0.95900000  0.9637   0.95952370
0.96000000  0.9915   0.96051522
0.96100000  0.9220   0.96143724
0.96200000  1.1027   0.96253996
0.96300000  0.9174   0.96345735
0.96400000  1.0101   0.96446740
0.96500000  0.9591   0.96542649
0.96600000  0.8757   0.96630218
0.96700000  0.9406   0.96724274
0.96800000  0.9267   0.96816939
0.96900000  0.8803   0.96904972
0.97000000  1.0657   0.97011537
0.97100000  0.9915   0.97110689
0.97200000  0.9823   0.97208914
0.97300000  0.9962   0.97308530
0.97400000  1.0703   0.97415559
0.97500000  1.0240   0.97517954
0.97600000  0.9684   0.97614789
0.97700000  0.9359   0.97708382
0.97800000  0.8942   0.97797804
0.97900000  0.9174   0.97889543
0.98000000  0.9915   0.97988695
0.98100000  1.0332   0.98092017
0.98200000  0.9637   0.98188389
0.98300000  0.9962   0.98288004
0.98400000  1.0193   0.98389937
0.98500000  1.0425   0.98494185
0.98600000  1.0054   0.98594727
0.98700000  1.0657   0.98701293
0.98800000  1.1352   0.98814808
0.98900000  1.0703   0.98921837
0.99000000  0.8803   0.99009869
0.99100000  1.0425   0.99114118
0.99200000  0.8850   0.99202613
0.99300000  0.9823   0.99300839
0.99400000  0.9684   0.99397674
0.99500000  0.9684   0.99494510
0.99600000  0.8525   0.99579762
0.99700000  1.0564   0.99685401
0.99800000  0.9452   0.99779919
0.99900000  1.0842   0.99888338
1.00000000  1.1166   1.00000000
